6
50
57
85
37
99
8
3
16
62
35
86
6
73
1
23
74
51
44
66
80
47
67
38
82
50
33
1
83
80
18
66
26
54
11
36
33
16
17
73
2
60
8
73
3
95
75
16
42
53
31
34
46
79
61
66
73
6
96
80
77
73
81
6
49
22
7
74
26
24
21
84
11
70
2
45
61
24
15
16
48
2
84
53
68
22
38
100
42
10
79
25
60
9
93
3
86
98
61
41
61
84
60
94
3
9
40
45
39
17
60
27
53
33
90
74
35
91
98
68
12
41
40
2
13
13
60
13
19
53
85
32
77
32
89
95
65
29
40
31
94
56
47
59
42
6
18
38
9
33
32
94
3
38
99
62
93
92
80
94
9
64
83
69
15
4
65
86
33
11
17
80
2
47
19
50
38
80
18
91
63
7
65
16
29
30
29
68
8
98
50
85
81
31
83
93
32
90
23
5
50
74
7
6
26
6
41
9
49
44
17
16
100
70
15
27
97
34
79
100
69
15
27
88
94
63
30
15
16
85
15
11
5
26
3
70
85
67
97
78
3
69
10
7
49
29
43
3
56
51
36
36
80
64
4
75
6
100
59
51
79
65
21
49
80
87
47
12
99
2
86
48
47
64
28
36
14
1
25
93
54
40
56
82
84
68
82
57
81
20
43
25
6
51
37
3
50
52
92
49
10
85
72
46
43
23
46
16
79
90
89
26
94
71
31
38
70
99
93
86
80
78
76
13
84
4
97
93
55
57
85
13
24
39
48
88
4
74
21
83
43
67
77
36
59
51
93
100
82
64
7
24
16
38
15
44
67
3
34
41
16
87
63
40
93
31
86
64
64
25
78
15
27
40
83
79
69
40
6
79
92
30
75
38
47
98
44
23
60
18
96
31
24
29
3
15
35
8
65
9
35
69
36
23
50
32
27
93
87
29
80
70
13
69
39
31
31
17
89
70
58
5
67
20
90
2
78
33
26
34
20
5
63
57
86
5
19
55
60
38
88
57
63
65
48
6
47
81
77
89
56
61
66
58
16
34
7
96
95
16
100
80
94
97
81
61
57
85
30
100
54
28
42
2
84
62
37
90
66
47
86
31
81
99
41
72
52
2
54
31
96
39
70
28
50
84
21
52
48
15
26
63
56
10
17
46
86
66
8
21
85
57
17
93
3
49
73
71
84
88
43
6
57
28
30
35
18
95
11
18
87
94
7
25
90
22
94
47
89
77
46
15
75
3
29
10
88
64
61
95
30
41
93
42
27
23
86
80
15
81
76
15
21
3
8
84
70
93
56
23
8
97
43
96
81
75
35
41
22
87
13
59
28
86
74
19
13
63
8
26
4
26
6
42
33
93
56
36
7
48
59
14
31
73
52
44
44
86
17
91
79
23
22
73
49
86
46
47
3
17
58
22
63
39
4
84
27
32
54
92
79
2
77
33
52
38
99
88
75
69
7
60
70
29
88
94
52
58
69
66
82
89
80
13
67
24
26
59
46
24
38
69
9
51
82
32
14
53
98
71
12
17
23
65
16
94
89
100
80
63
39
34
80
38
46
68
30
76
62
11
10
88
57
9
69
55
93
53
50
31
11
80
85
68
81
70
89
53
51
90
89
52
58
14
15
28
65
3
98
49
17
38
58
28
72
67
9
93
78
64
53
55
35
69
53
40
43
20
59
38
57
82
62
65
96
8
50
12
72
36
7
85
45
10
44
14
55
4
96
23
14
20
5
75
95
17
78
31
39
28
7
56
6
17
73
11
68
62
87
66
18
81
84
90
2
87
29
1
85
8
28
76
98
18
21
99
49
92
81
76
68
4
64
18
80
42
52
7
33
90
9
33
62
66
76
98
83
79
48
13
65
14
25
49
75
67
35
57
3
2
94
59
55
97
7
77
32
37
78
91
64
55
93
39
95
48
88
63
45
33
51
26
32
45
85
95
40
90
45
20
97
83
99
69
45
67
18
34
34
67
68
9
63
22
71
27
47
19
84
12
2
57
54
32
50
3
58
14
31
83
62
84
92
30
77
51
31
52
35
2
4
76
68
70
30
27
92
86
97
47
56
49
53
53
12
59
6
62
17
66
73
23
36
63
44
20
25
80
9
67
87
85
80
21
74
79
26
56
95
33
40
36
27
72
50
50
96
41
79
27
62
3
24
67
56
40
31
24
73
16
13
85
87
68
45
20
38
90
18
13
52
97
78
1
75
27
3
21
52
91
55
96
40
86
21
31
99
39
15
74
83
74
79
49
67
44
64
4
15
68
43
42
6
31
84
76
28
59
100
78
100
27
70
35
59
32
64
59
22
52
5
23
23
11
14
44
7
59
42
8
34
81
81
51
26
67
86
84
96
98
97
92
96
69
70
32
72
42
53
18
55
51
60
37
26
34
72
62
59
9
3
52
76
71
61
24
22
99
13
78
85
35
51
63
46
42
92
4
76
2
70
65
38
78
32
43
86
37
52
18
79
51
51
49
36
79
69
85
98
88
73
23
54
94
40
96
58
17
35
56
59
56
51
73
51
75
70
53
13
65
75
80
62
50
61
50
92
40
92
87
78
87
73
25
51
82
91
65
75
39
11
87
51
18
58
33
71
84
21
75
20
33
99
13
52
51
99
42
91
5
1
24
80
54
87
28
88
20
96
17
80
33
54
99
38
25
70
51
33
36
43
29
89
69
42
77
84
79
90
25
75
86
78
63
68
54
98
16
51
74
14
100
22
34
8
13
85
34
28
90
12
67
74
5
94
68
42
91
29
94
92
88
97
48
75
87
92
24
85
15
35
34
40
37
83
30
23
95
50
47
98
50
11
4
16
39
64
20
61
37
19
31
15
22
38
32
54
66
42
78
73
63
73
56
53
4
8
33
37
47
1
3
3
48
55
21
4
34
62
13
78
80
52
76
76
76
46
69
34
2
43
82
93
28
72
15
86
76
26
64
44
34
54
31
20
58
67
19
97
6
80
44
89
63
91
28
49
61
84
21
41
94
69
24
27
24
16
59
96
62
68
12
39
63
21
25
12
69
19
43
40
15
25
87
75
58
30
57
72
62
69
76
94
58
67
2
48
2
28
34
49
89
26
6
92
17
72
58
9
28
85
63
4
14
1
76
38
24
64
9
85
89
17
22
35
28
25
53
50
64
20
6
31
16
79
43
3
67
71
45
37
47
40
33
79
12
1
94
61
96
16
74
5
19
28
53
30
76
8
52
83
23
73
92
77
3
54
39
80
71
24
41
37
76
50
83
38
65
25
11
8
58
55
20
77
74
49
76
28
16
24
39
21
41
76
37
73
72
2
49
20
8
34
59
25
23
61
48
29
5
61
94
45
35
94
8
29
67
90
84
94
11
10
63
4
48
37
55
36
31
4
92
48
2
29
41
43
73
55
80
10
85
13
14
23
78
21
6
27
83
77
78
32
72
50
6
59
85
86
34
93
77
9
50
21
77
49
63
48
86
82
38
20
92
14
11
93
57
49
14
55
89
21
77
35
31
59
26
98
88
11
83
67
3
1
68
5
35
27
86
39
39
19
65
43
37
94
48
73
38
23
5
98
88
83
47
11
30
47
91
20
11
64
67
13
62
89
89
19
90
14
39
99
43
33
30
79
4
53
25
35
20
40
74
25
26
81
55
57
10
84
86
50
28
29
3
95
32
15
58
21
31
66
99
88
22
57
60
12
39
78
63
74
56
10
79
67
23
44
20
58
70
31
69
34
30
1
100
74
55
76
9
59
91
4
41
76
12
74
75
49
73
89
38
78
30
59
42
10
93
81
79
35
100
68
92
63
35
52
21
54
25
27
20
42
45
95
34
35
83
31
86
38
72
17
2
37
73
63
69
21
97
100
30
90
37
11
14
22
8
76
73
57
84
48
26
63
56
56
26
12
90
51
47
12
65
47
9
84
10
86
25
17
81
70
32
61
6
97
63
63
80
80
83
54
34
50
63
48
54
97
3
91
52
41
7
16
51
1
87
58
44
82
26
80
27
27
54
47
44
3
88
28
5
82
59
4
44
19
77
49
74
93
38
79
99
70
5
34
51
91
81
48
40
63
40
95
32
76
87
51
8
59
7
16
71
6
59
84
84
34
100
11
87
59
1
100
14
10
52
5
80
85
43
4
68
99
18
74
19
12
42
95
53
87
58
27
64
61
50
1
24
57
32
70
35
29
28
24
52
75
73
98
5
31
42
23
37
42
46
38
54
54
69
37
89
87
6
85
28
39
70
74
79
88
77
54
54
37
48
54
10
89
59
82
57
37
96
67
3
20
91
71
13
99
16
95
3
24
22
88
1
74
8
28
36
97
1
98
38
86
17
33
97
79
52
29
82
87
96
71
15
4
85
89
1
87
29
14
99
24
32
87
14
57
7
64
24
100
84
65
58
47
55
72
20
94
72
34
40
41
86
4
52
9
69
33
39
6
34
85
70
13
79
73
42
8
16
51
23
71
64
47
1
23
97
65
99
40
61
54
36
66
44
58
31
79
71
66
84
24
27
81
16
88
94
14
4
95
91